.Random.seed <-
c(403L, 438L, 775503897L, -899975688L, -1046598722L, 2047058198L, 
728825960L, 1910996278L, -700083544L, -1529146843L, -1797618399L, 
27118003L, 976953875L, -1104474243L, 476609813L, -1523848967L, 
80497466L, 367692748L, 1533516575L, -671018578L, -1104085166L, 
-1810675074L, -838461516L, 1283293903L, 1811633714L, 1628811746L, 
-2029349121L, -485980725L, 1844563456L, 212072760L, -1875424516L, 
1349071283L, 851291389L, 215740731L, 1403287992L, -1898344432L, 
575334990L, 1489530783L, 642750460L, -1531859944L, -422143306L, 
71352093L, 1955279164L, -1845652412L, 1495395211L, 382171808L, 
1109695358L, 170213846L, 1228318910L, 709815722L, 377469973L, 
-347744919L, -1636188025L, -672980730L, -342883316L, -1694043765L, 
180169324L, 588032562L, -1400945121L, 2058560182L, 976551623L, 
-1795040409L, -1751063944L, -1310416253L, 196322349L, 180192649L, 
1879706221L, 2125747934L, -52955871L, 1922423673L, -2115830576L, 
814193589L, -326815962L, 1655941882L, -45801729L, -133666950L, 
1814913289L, -799856766L, 1269718498L, -605920945L, -1557631758L, 
-1236381430L, 110048826L, -140791548L, -1369757757L, -1175351490L, 
-79104247L, -120394194L, 693611634L, -404512400L, 1206226552L, 
396676900L, -1024648542L, 1096117565L, 1318132774L, -875551648L, 
2043636565L, 1837998860L, -1405784112L, 40200637L, 6945891L, 
-1351044702L, -419642301L, 811058917L, -1473116056L, -1972083322L, 
852635719L, -353216708L, 687732193L, 533910261L, -1282137866L, 
-682311921L, -483730218L, 443723117L, 572483986L, -1611588214L, 
-1906828079L, 1774132050L, 729608611L, -391368888L, -1078133811L, 
1318106771L, 1852673217L, -384955437L, 39802056L, -265055422L, 
1818334334L, 806127413L, 941013329L, 311400869L, -1705031403L, 
-1292691546L, 1014347026L, 733726078L, -1357708125L, 110779009L, 
-440504416L, 327054068L, 482613078L, 15007514L, -650862066L, 
1725866073L, -1479351784L, -1079407677L, -1987580712L, 395983051L, 
-1050426893L, -1907130787L, -240167972L, -795638729L, -926810863L, 
-393300220L, -1889417937L, -1192215022L, -503998820L, 1739574210L, 
-1905860175L, 2062451171L, -421746533L, -357028798L, 1835160615L, 
1297421629L, 995931468L, -1858001872L, 678920294L, 1475670992L, 
965924893L, -28716316L, -237769353L, 1038240439L, -249389960L, 
-90788920L, -815976101L, 71783995L, -1357326826L, -1534128607L, 
1236707296L, -381393104L, 1992270286L, 451105692L, -1139627381L, 
-547175643L, 999105882L, 143008687L, 2126527734L, -520321879L, 
-555440470L, 1828892292L, 1266489261L, -2107996712L, -1296022724L, 
690993392L, 1655688585L, -124954344L, 790632621L, -412501398L, 
-1256749680L, 157520405L, -1004411625L, -928681492L, 1898666775L, 
1673499334L, -44235347L, -1313066908L, -1466905491L, 1394228739L, 
-2133840977L, 187373500L, 131284189L, 1362350780L, 968514826L, 
-800709865L, 1788988322L, -582588403L, -698144894L, -1246813183L, 
-1606282196L, -981667015L, 611019374L, 853567500L, -1280594714L, 
-990775097L, 1433204475L, -1295834425L, 1798028565L, 1462934230L, 
745455916L, -31166634L, -2035122662L, -1677472222L, 2018864838L, 
1971874078L, 1941276871L, 46995871L, -1513179404L, -635155646L, 
719916752L, -368146917L, -864018097L, 1904304936L, 1890112157L, 
-1082235925L, -1120871080L, 1671548363L, 1351360935L, 58058562L, 
-1415200229L, -1013779785L, 181753513L, 1084124561L, 1113136033L, 
-1978190472L, 1938799889L, 2096133719L, 937846706L, 1540580880L, 
-568951661L, -1931857791L, -470503292L, 1156564255L, -197183357L, 
1452718790L, -423014416L, -1121738614L, 1005103632L, 290858772L, 
-882770205L, -396575942L, -2098600541L, -765444210L, -1590591055L, 
232860747L, -1392866435L, 909097857L, -261863575L, 1691962938L, 
238534095L, -1289075257L, 2063159321L, 1294610920L, -1903816897L, 
502589133L, -378250887L, 1912697373L, 735594928L, -398497420L, 
-1226432986L, -1062689967L, -1665612971L, 1851128179L, -507374327L, 
766885417L, -1924380608L, 694335753L, -740521001L, -189059202L, 
-1923138839L, 636818406L, 172410580L, 737803145L, 264981691L, 
1902132559L, -1016562845L, 1269071495L, 1324238580L, -81837181L, 
-657422417L, -1318954604L, -521352451L, -994721247L, -2058616114L, 
-1088909558L, 1951632115L, -1964463470L, -151494240L, -1081548065L, 
-677393757L, 1913004870L, -610281898L, 629538641L, 2002929190L, 
-2049967717L, -1611274281L, 432703037L, -1879160720L, 1367271384L, 
777625992L, 703430166L, -355356860L, 778527288L, 688098049L, 
2009309861L, 354759825L, 1593495013L, -845060067L, 776892273L, 
-1160371995L, -1243756367L, 401087013L, -476579571L, -1752386111L, 
1765618712L, 112624989L, -19323822L, -590656452L, -1934974094L, 
-53238147L, 777179301L, -2099008942L, 1016846698L, 2027342075L, 
2020602037L, 923945762L, -583683717L, -1258924970L, -1076390971L, 
2035607538L, -679610942L, -1602898035L, -850491807L, -865542228L, 
-876115097L, -1683397504L, 1974025489L, -1137654750L, 1607582999L, 
57511073L, -650339594L, 1639323988L, 1716475775L, -196329042L, 
1333902862L, -338364963L, -1802682810L, -165603180L, 601001625L, 
-203739433L, -136205360L, -1565645711L, 458323675L, 822013719L, 
575315833L, 1060602881L, -644127629L, -2082494669L, -628129809L, 
-1296206943L, -388804260L, 1993595557L, 118558044L, 605478650L, 
1061489439L, 1098403594L, 1099333241L, -1673778554L, 1836569767L, 
719937987L, 1370165858L, 1684746696L, 506418975L, 209134693L, 
1574066211L, 2029991313L, 1655545858L, -279227914L, -578343480L, 
-1824335345L, -188477967L, 512630587L, 1683844709L, 1463286920L, 
-1053113123L, -84345384L, -1762477814L, 629221155L, 313618659L, 
332477851L, -284582777L, -853080066L, 494647759L, -427675139L, 
1209649322L, -1451000526L, -521028361L, 670054072L, -328192715L, 
-1395314408L, -223472486L, 581065793L, -1458795126L, 2071957938L, 
-196578211L, 1115557264L, -1483777974L, -1030035053L, -692894836L, 
-1248212778L, -1056518310L, 295080532L, 1579027541L, 1143250591L, 
-219818415L, 324091714L, -1424715676L, -1745647705L, 972175735L, 
-457163392L, -111541794L, 1250695854L, -369412178L, 212641994L, 
-1117731154L, -1308440959L, -2076774615L, 1875724343L, 1901021738L, 
418468760L, 1139464853L, -1036092814L, -1688124404L, 250427873L, 
1777496909L, 738573695L, -1539113605L, 1911289772L, -1264426697L, 
469230607L, 174518259L, 588142336L, 305381647L, -1858930742L, 
410890580L, -1027047635L, -1182712847L, -1017749549L, -1572259194L, 
329052008L, -601439807L, 1866115200L, -671264568L, 1004335192L, 
1835622540L, -1371305635L, -1327960191L, -1212883208L, -132770663L, 
-1083203518L, -1312620954L, 2013005707L, 2018636324L, 967226349L, 
-1340624063L, -588640919L, -1404857497L, -950918158L, -1882588021L, 
-1354094134L, -2100805744L, 805589596L, 1095891832L, -931137685L, 
-2034748923L, -1330834107L, -1770671493L, 325170862L, -1924341310L, 
657734954L, 2108928529L, -16292130L, 1506021537L, 721979484L, 
-592379544L, 283217470L, 10276496L, 620944958L, 1486403491L, 
1337983716L, -576109923L, -1638457383L, -1476014900L, 1749200691L, 
337901304L, -1494457513L, 301020356L, -1107928947L, -387380605L, 
2139040888L, 1724464995L, 1831682451L, -585806500L, -1889131341L, 
1654994271L, -423584614L, 872983754L, 731361169L, -1526915459L, 
1383944727L, -355829872L, 1719278675L, -1186987132L, 516540407L, 
692907409L, 1416751697L, 114338978L, 384212648L, 1196224661L, 
1590851952L, -1603065845L, 632098705L, 2043148785L, -701104506L, 
-1389396570L, 445260480L, -1416816838L, 763431231L, 1933497733L, 
-141367591L, -2064156482L, -247996505L, 1080591092L, 1728331222L, 
895124836L, -293572194L, -1636661158L, -1191670992L, 1445094375L, 
-1332567043L, -684044697L, 2124459133L, -859734301L, 918121397L, 
84299696L, 188367715L, -778750169L, 2038423426L, -1008059551L, 
-598413408L, 1705584729L, -1819623938L, 776138212L, -2099628564L, 
427757262L, 1633240222L, 1807737L, 1099595114L, -1976685863L, 
1682368501L, -1103291768L, 213069079L, -1462500720L, 1783636407L, 
-116945978L, -540706336L, 1852508293L, 1300859941L, -1504242359L, 
-1230734589L, 2134966579L, -1718155647L, -733802901L, 969170799L, 
1498075966L, -722077359L, 1370827933L, -42836136L, 579918090L, 
